7982
8044
8164
8196
8267
8269
8300
8309
8309
8347
8367
8394
8410
8414
8415
8423
8430
8437
8442
8477
8502
8504
8506
8509
8530
8533
8566
8576
8582
8593
8600
8621
8630
8643
8646
8647
8654
8659
8684
8693
8703
8706
8706
8710
8711
8717
8717
8724
8729
8729
8735
8739
8741
8753
8755
8755
8767
8771
8787
8793
8802
8806
8811
8824
8825
8830
8835
8842
8859
8860
8866
8872
8874
8883
8884
8901
8921
8925
8925
8925
8925
8925
8925
8927
8930
8937
8950
8965
8970
8982
8999
9015
9019
9026
9029
9034
9039
9041
9079
9080
